trafficsign 420.661283 175.569505 450.380732 187.806925
trafficsign 422.409486 191.303331 473.107369 250.742227
trafficsign 485.344789 189.555128 569.258526 250.742228
trafficsign 583.244148 187.806925 653.172261 248.994024
trafficsign 747.575216 222.770981 831.488953 276.965269
trafficsign 852.467387 233.260199 911.906284 266.476054
trafficsign 978.337992 128.368028 1044.769701 194.799736
trafficsign 1090.222973 243.749416 1111.201407 268.224256
trafficsign 268.567636 289.20269 298.287084 310.181124
trafficsign 633.942031 303.188313 649.675857 317.173936
bus 343.740359 276.965271 392.690039 292.699096
car 221.366159 317.173936 277.30865 341.648776
car 618.208205 318.922139 630.445624 336.404167
car 609.467191 324.166747 621.704611 343.396978
car 532.546266 327.663153 553.5247 339.900573
car 518.560643 325.914949 539.539077 339.900573
car 502.826817 325.914949 516.81244 339.900573
car 875.194024 297.943704 889.179648 310.181124
car 890.927849 297.943704 911.906284 311.929327
car 957.359558 289.20269 976.589789 306.68472
car 974.841586 289.20269 985.330803 306.68472
car 548.280091 320.67034 562.265714 350.389789
car 389.193632 320.67034 448.632529 359.130804
car 553.5247 313.67753 616.460002 364.375413
car 915.402689 289.20269 962.604167 320.67034
car 985.330803 278.713473 1027.287671 313.67753
trafficsign 497.582209 311.929327 511.567832 325.914951
trafficsign 518.560643 318.922139 539.539077 325.914949
trafficsign 466.114558 313.67753 483.596586 327.663153
bus 443.387921 311.929327 466.114559 334.655965
trafficlight 934.632921 248.994025 946.870341 264.72785
car 147.941639 280.461676 188.150305 294.447299
