trafficsign 0.31138158 571.0 301.0 599.0 323.0
trafficsign 0.3116338 639.0 301.0 655.0 316.0
trafficsign 0.32753974 417.0 183.0 486.0 253.0
trafficsign 0.39998394 516.0 313.0 533.0 328.0
trafficsign 0.49296996 484.0 178.0 584.0 251.0
trafficsign 0.56860924 876.0 121.0 969.0 203.0
trafficsign 0.6111632 623.0 307.0 641.0 325.0
trafficsign 0.6450347 756.0 220.0 826.0 271.0
trafficsign 0.7506423 850.0 228.0 915.0 263.0
trafficsign 0.85016173 976.0 116.0 1047.0 200.0
car 0.309835 260.0 316.0 283.0 333.0
car 0.31008658 131.0 326.0 152.0 341.0
car 0.33195993 100.0 328.0 124.0 341.0
car 0.41232762 33.0 325.0 63.0 343.0
car 0.41451302 3.0 326.0 24.0 347.0
car 0.4283676 226.0 323.0 258.0 338.0
car 0.45041493 893.0 293.0 920.0 316.0
car 0.49691433 62.0 325.0 90.0 342.0
car 0.6548057 917.0 287.0 959.0 316.0
car 0.71054137 553.0 306.0 615.0 360.0
car 0.8432494 398.0 319.0 446.0 352.0
